shape: [11, 11]
spacing: [1.0, 1.0]
alpha: 0.1
time: 0.0
temperature:
[[0.0000 0.0000 0.0000 0.0000 0.0000 0.0000 0.0000 0.0000 0.0000 0.0000 0.0000]
 [0.0000 0.0000 0.0000 0.0000 0.0000 0.0000 0.0000 0.0000 0.0000 0.0000 0.0000]
 [0.0000 0.0000 0.0000 0.0000 0.0000 0.0000 0.0000 0.0000 0.0000 0.0000 0.0000]
 [0.0000 0.0000 0.0000 0.0000 0.0000 0.0000 0.0000 0.0000 0.0000 0.0000 0.0000]
 [0.0000 0.0000 0.0000 0.0000 0.0000 0.0000 0.0000 0.0000 0.0000 0.0000 0.0000]
 [0.0000 0.0000 0.0000 0.0000 0.0000 1.0000 0.0000 0.0000 0.0000 0.0000 0.0000]
 [0.0000 0.0000 0.0000 0.0000 0.0000 0.0000 0.0000 0.0000 0.0000 0.0000 0.0000]
 [0.0000 0.0000 0.0000 0.0000 0.0000 0.0000 0.0000 0.0000 0.0000 0.0000 0.0000]
 [0.0000 0.0000 0.0000 0.0000 0.0000 0.0000 0.0000 0.0000 0.0000 0.0000 0.0000]
 [0.0000 0.0000 0.0000 0.0000 0.0000 0.0000 0.0000 0.0000 0.0000 0.0000 0.0000]
 [0.0000 0.0000 0.0000 0.0000 0.0000 0.0000 0.0000 0.0000 0.0000 0.0000 0.0000]]
time: 20.0
temperature:
[[0.0000 0.0000 0.0000 0.0000 0.0000 0.0000 0.0000 0.0000 0.0000 0.0000 0.0000]
 [0.0000 0.0005 0.0015 0.0029 0.0044 0.0051 0.0044 0.0029 0.0015 0.0005 0.0000]
 [0.0000 0.0015 0.0039 0.0076 0.0113 0.0130 0.0113 0.0076 0.0039 0.0015 0.0000]
 [0.0000 0.0029 0.0076 0.0144 0.0212 0.0242 0.0212 0.0144 0.0076 0.0029 0.0000]
 [0.0000 0.0044 0.0113 0.0212 0.0310 0.0352 0.0310 0.0212 0.0113 0.0044 0.0000]
 [0.0000 0.0051 0.0130 0.0242 0.0352 0.0399 0.0352 0.0242 0.0130 0.0051 0.0000]
 [0.0000 0.0044 0.0113 0.0212 0.0310 0.0352 0.0310 0.0212 0.0113 0.0044 0.0000]
 [0.0000 0.0029 0.0076 0.0144 0.0212 0.0242 0.0212 0.0144 0.0076 0.0029 0.0000]
 [0.0000 0.0015 0.0039 0.0076 0.0113 0.0130 0.0113 0.0076 0.0039 0.0015 0.0000]
 [0.0000 0.0005 0.0015 0.0029 0.0044 0.0051 0.0044 0.0029 0.0015 0.0005 0.0000]
 [0.0000 0.0000 0.0000 0.0000 0.0000 0.0000 0.0000 0.0000 0.0000 0.0000 0.0000]]
time: 40.0
temperature:
[[0.0000 0.0000 0.0000 0.0000 0.0000 0.0000 0.0000 0.0000 0.0000 0.0000 0.0000]
 [0.0000 0.0013 0.0027 0.0039 0.0048 0.0052 0.0048 0.0039 0.0027 0.0013 0.0000]
 [0.0000 0.0027 0.0054 0.0079 0.0097 0.0103 0.0097 0.0079 0.0054 0.0027 0.0000]
 [0.0000 0.0039 0.0079 0.0114 0.0141 0.0150 0.0141 0.0114 0.0079 0.0039 0.0000]
 [0.0000 0.0048 0.0097 0.0141 0.0173 0.0185 0.0173 0.0141 0.0097 0.0048 0.0000]
 [0.0000 0.0052 0.0103 0.0150 0.0185 0.0197 0.0185 0.0150 0.0103 0.0052 0.0000]
 [0.0000 0.0048 0.0097 0.0141 0.0173 0.0185 0.0173 0.0141 0.0097 0.0048 0.0000]
 [0.0000 0.0039 0.0079 0.0114 0.0141 0.0150 0.0141 0.0114 0.0079 0.0039 0.0000]
 [0.0000 0.0027 0.0054 0.0079 0.0097 0.0103 0.0097 0.0079 0.0054 0.0027 0.0000]
 [0.0000 0.0013 0.0027 0.0039 0.0048 0.0052 0.0048 0.0039 0.0027 0.0013 0.0000]
 [0.0000 0.0000 0.0000 0.0000 0.0000 0.0000 0.0000 0.0000 0.0000 0.0000 0.0000]]
time: 60.0
temperature:
[[0.0000 0.0000 0.0000 0.0000 0.0000 0.0000 0.0000 0.0000 0.0000 0.0000 0.0000]
 [0.0000 0.0011 0.0021 0.0030 0.0035 0.0037 0.0035 0.0030 0.0021 0.0011 0.0000]
 [0.0000 0.0021 0.0041 0.0057 0.0067 0.0071 0.0067 0.0057 0.0041 0.0021 0.0000]
 [0.0000 0.0030 0.0057 0.0079 0.0094 0.0099 0.0094 0.0079 0.0057 0.0030 0.0000]
 [0.0000 0.0035 0.0067 0.0094 0.0111 0.0118 0.0111 0.0094 0.0067 0.0035 0.0000]
 [0.0000 0.0037 0.0071 0.0099 0.0118 0.0124 0.0118 0.0099 0.0071 0.0037 0.0000]
 [0.0000 0.0035 0.0067 0.0094 0.0111 0.0118 0.0111 0.0094 0.0067 0.0035 0.0000]
 [0.0000 0.0030 0.0057 0.0079 0.0094 0.0099 0.0094 0.0079 0.0057 0.0030 0.0000]
 [0.0000 0.0021 0.0041 0.0057 0.0067 0.0071 0.0067 0.0057 0.0041 0.0021 0.0000]
 [0.0000 0.0011 0.0021 0.0030 0.0035 0.0037 0.0035 0.0030 0.0021 0.0011 0.0000]
 [0.0000 0.0000 0.0000 0.0000 0.0000 0.0000 0.0000 0.0000 0.0000 0.0000 0.0000]]
time: 80.0
temperature:
[[0.0000 0.0000 0.0000 0.0000 0.0000 0.0000 0.0000 0.0000 0.0000 0.0000 0.0000]
 [0.0000 0.0008 0.0015 0.0020 0.0024 0.0025 0.0024 0.0020 0.0015 0.0008 0.0000]
 [0.0000 0.0015 0.0028 0.0039 0.0046 0.0048 0.0046 0.0039 0.0028 0.0015 0.0000]
 [0.0000 0.0020 0.0039 0.0054 0.0063 0.0066 0.0063 0.0054 0.0039 0.0020 0.0000]
 [0.0000 0.0024 0.0046 0.0063 0.0074 0.0078 0.0074 0.0063 0.0046 0.0024 0.0000]
 [0.0000 0.0025 0.0048 0.0066 0.0078 0.0082 0.0078 0.0066 0.0048 0.0025 0.0000]
 [0.0000 0.0024 0.0046 0.0063 0.0074 0.0078 0.0074 0.0063 0.0046 0.0024 0.0000]
 [0.0000 0.0020 0.0039 0.0054 0.0063 0.0066 0.0063 0.0054 0.0039 0.0020 0.0000]
 [0.0000 0.0015 0.0028 0.0039 0.0046 0.0048 0.0046 0.0039 0.0028 0.0015 0.0000]
 [0.0000 0.0008 0.0015 0.0020 0.0024 0.0025 0.0024 0.0020 0.0015 0.0008 0.0000]
 [0.0000 0.0000 0.0000 0.0000 0.0000 0.0000 0.0000 0.0000 0.0000 0.0000 0.0000]]
time: 100.0
temperature:
[[0.0000 0.0000 0.0000 0.0000 0.0000 0.0000 0.0000 0.0000 0.0000 0.0000 0.0000]
 [0.0000 0.0005 0.0010 0.0014 0.0016 0.0017 0.0016 0.0014 0.0010 0.0005 0.0000]
 [0.0000 0.0010 0.0019 0.0026 0.0031 0.0032 0.0031 0.0026 0.0019 0.0010 0.0000]
 [0.0000 0.0014 0.0026 0.0036 0.0042 0.0045 0.0042 0.0036 0.0026 0.0014 0.0000]
 [0.0000 0.0016 0.0031 0.0042 0.0050 0.0052 0.0050 0.0042 0.0031 0.0016 0.0000]
 [0.0000 0.0017 0.0032 0.0045 0.0052 0.0055 0.0052 0.0045 0.0032 0.0017 0.0000]
 [0.0000 0.0016 0.0031 0.0042 0.0050 0.0052 0.0050 0.0042 0.0031 0.0016 0.0000]
 [0.0000 0.0014 0.0026 0.0036 0.0042 0.0045 0.0042 0.0036 0.0026 0.0014 0.0000]
 [0.0000 0.0010 0.0019 0.0026 0.0031 0.0032 0.0031 0.0026 0.0019 0.0010 0.0000]
 [0.0000 0.0005 0.0010 0.0014 0.0016 0.0017 0.0016 0.0014 0.0010 0.0005 0.0000]
 [0.0000 0.0000 0.0000 0.0000 0.0000 0.0000 0.0000 0.0000 0.0000 0.0000 0.0000]]
